coef = [1.0021798418352148, -1.806516571847624, -0.8562062405993144, 1.8583860824344995,
-1.0900134203624139, -1.668616679963269, -0.4990674915954358, 0.1402318063844269,
-0.49149528280850674, 0.05421043260508719, -0.5260029354201596, -0.6301961980824836,
-1.128917060415986, 0.11080575853176691, 1.3823493322411158, 0.99319793385285,
-0.4159081503865266, 0.030510488327015715, 1.0255809251229506, -0.7076786732702475,
1.3595270397639434, 0.16361686913758655, -0.46527588937834496,  0.5188885900066735,
-0.2694196409649548, -0.5842075018749662, -0.7065300846621648, 0.799789620189117,
-1.0797687009760386, -0.6579608621694224, -0.8832285801925486, 0.4347799646507854,
 0.3316257047532618, 0.07089064723418508, -1.0058489704447076, 1.49129156915597,
 -0.6030280060480395, 0.11271990360236607, -0.5796837543422574, -0.7976886611215674,
-0.8469684302860353, 1.478324452102963, -0.9474871833949388, 0.04948868223816828,
0.058133363020908636, 0.8738556532917257, 0.08419517574276811, 0.04068741775113203,
1.1668012505051808, -0.6419393266789012, 1.211325689753156, -0.5764417235875058,
0.13386875466340045, -0.40000674169024086, -0.7057163110583374, 0.18720980979016227,
0.07530542626909234, -0.8829726238343806, 0.14863485191293066, -0.9483456951248199,
0.8625217203972303, -0.3525535442469912, -2.501914903218151, 0.8235716684032026,
-0.9634237010878757, 0.03741322221049875, 0.0, 0.11057263414056735, 0.08489233849704506,
0.06395792003887325, 0.039858060889189216, 0.0836131264601983, -0.9522940961018641,
 -0.689804724649039, 0.0, -0.682424773992999, -0.956429097012995, 0.07978674407364598,
 0.06811998167440833, 0.8703113991349076, -0.9274626293682896, 1.7114725154603987,
 1.2821640057063477, -0.45513181626405724, 0.9147490623008178, 1.1436862962538803,
 -0.9660606389637755, 0.029919094994370975, -0.5571702391306803, 0.05466519072554572,
  1.1177694289867004, -0.6573324359441786, -0.9588422812533847,
-0.779760530715711, -0.6141402285577052, 0.13232347904746214, 0.05627222329866941,
 1.5656891499485672, -0.6431293010325146, 0.0698878864154711, -0.974809349529896,
 -0.6585953523944078, 0.0, -0.32781857117305496, -0.7657783130320479,
 0.7993100691992827, 0.06446181776887874, 0.15276505036465018, 0.06193749556329033,
 -0.9184053187538518, 0.06964863962145128, 1.121531198872456, 1.0203017710821227,
 1.1728206694234782, -0.5821666663392633, 0.0627096545070257, 1.2842672900570236,
 0.8393192811124104, 0.9731808732143234, -0.7164676240433868, -0.664805732506599,
 1.2147746096681946, -0.675087349600845, 0.07431884843687751, 0.7928412181999182,
 0.1185495932775027, 0.0734479652195583, -0.1076111554243771, 0.0353687998081743,
 1.5777140463478614, 0.03547159026745801, 0.04175768001908377, 1.0910883746214168,
  0.8053846515206128, 0.8252203074398244, -0.6570925759575033, -0.7578452178628872,
  1.6941678862695748, 0.12060775747755684, -1.383394256965522, -0.3116091469086709, 0.0, -0.769167608659708, -0.8771114854131796, 0.18043817954256705, -0.703802793213247, 0.0, 0.1316877610873389, 0.06026932454417265, 0.6391656324250118, 0.06380252300171874, 1.1297895634601949, -0.765285982823842, 0.0, 0.05829151654463251, 0.7823821769518484, 0.03334283282764744, 0.39845560742612196, 0.40676453244383515, 0.16361686913758655]
